0 0 -0 0 0 0
0 0.125 -0 0 0 0
0 0.25 -0 0 0 0
0 0.375 0 0 0 0
0 0.5 0 0 0 0
0 0.625 0 0 0 0
0 0.75 -0 0 0 0
0 0.875 -0 0 0 0
0 1 -0 0 1 0

0.125 0 -0 0 0 0
0.125 0.125 -151.636 -0.959522 1.80109 -1.80109
0.125 0.25 -116.057 -0.734387 9.05467 -1.37849
0.125 0.375 62.8098 0.397447 5.12906 0.746034
0.125 0.5 164.13 1.03858 -5.12906 1.94948
0.125 0.625 62.8098 0.397447 -9.05467 0.746034
0.125 0.75 -116.057 -0.734387 -1.80109 -1.37849
0.125 0.875 -151.636 -0.959522 7.67618 -1.80109
0.125 1 -6.03003e-14 0 1 0

0.25 0 -0 0 0 0
0.25 0.125 -116.057 -0.734387 1.37849 -9.05467
0.25 0.25 -88.8264 -0.562075 6.93014 -6.93014
0.25 0.375 48.0725 0.304193 3.92561 3.75057
0.25 0.5 125.62 0.794894 -3.92561 9.8007
0.25 0.625 48.0725 0.304193 -6.93014 3.75057
0.25 0.75 -88.8264 -0.562075 -1.37849 -6.93014
0.25 0.875 -116.057 -0.734387 5.87509 -9.05467
0.25 1 -4.61519e-14 0 1 0

0.375 0 0 0 0 0
0.375 0.125 62.8098 0.397447 -0.746034 -5.12906
0.375 0.25 48.0725 0.304193 -3.75057 -3.92561
0.375 0.375 -26.0167 -0.164628 -2.12453 2.12453
0.375 0.5 -67.9848 -0.430194 2.12453 5.55165
0.375 0.625 -26.0167 -0.164628 3.75057 2.12453
0.375 0.75 48.0725 0.304193 0.746034 -3.92561
0.375 0.875 62.8098 0.397447 -3.17958 -5.12906
0.375 1 2.49772e-14 0 1 0

0.5 0 0 0 0 0
0.5 0.125 164.13 1.03858 -1.94948 5.12906
0.5 0.25 125.62 0.794894 -9.8007 3.92561
0.5 0.375 -67.9848 -0.430194 -5.55165 -2.12453
0.5 0.5 -177.653 -1.12415 5.55165 -5.55165
0.5 0.625 -67.9848 -0.430194 9.8007 -2.12453
0.5 0.75 125.62 0.794894 1.94948 3.92561
0.5 0.875 164.13 1.03858 -8.30864 5.12906
0.5 1 6.52686e-14 0 1 0

0.625 0 0 0 0 0
0.625 0.125 62.8098 0.397447 -0.746034 9.05467
0.625 0.25 48.0725 0.304193 -3.75057 6.93014
0.625 0.375 -26.0167 -0.164628 -2.12453 -3.75057
0.625 0.5 -67.9848 -0.430194 2.12453 -9.8007
0.625 0.625 -26.0167 -0.164628 3.75057 -3.75057
0.625 0.75 48.0725 0.304193 0.746034 6.93014
0.625 0.875 62.8098 0.397447 -3.17958 9.05467
0.625 1 2.49772e-14 0 1 0

0.75 0 -0 0 0 0
0.75 0.125 -116.057 -0.734387 1.37849 1.80109
0.75 0.25 -88.8264 -0.562075 6.93014 1.37849
0.75 0.375 48.0725 0.304193 3.92561 -0.746034
0.75 0.5 125.62 0.794894 -3.92561 -1.94948
0.75 0.625 48.0725 0.304193 -6.93014 -0.746034
0.75 0.75 -88.8264 -0.562075 -1.37849 1.37849
0.75 0.875 -116.057 -0.734387 5.87509 1.80109
0.75 1 -4.61519e-14 0 1 0

0.875 0 -0 0 0 0
0.875 0.125 -151.636 -0.959522 1.80109 -7.67618
0.875 0.25 -116.057 -0.734387 9.05467 -5.87509
0.875 0.375 62.8098 0.397447 5.12906 3.17958
0.875 0.5 164.13 1.03858 -5.12906 8.30864
0.875 0.625 62.8098 0.397447 -9.05467 3.17958
0.875 0.75 -116.057 -0.734387 -1.80109 -5.87509
0.875 0.875 -151.636 -0.959522 7.67618 -7.67618
0.875 1 -6.03003e-14 0 1 0

1 0 -0 0 0 0
1 0.125 -6.03003e-14 0 0 0
1 0.25 -4.61519e-14 0 0 0
1 0.375 2.49772e-14 0 0 0
1 0.5 6.52686e-14 0 0 0
1 0.625 2.49772e-14 0 0 0
1 0.75 -4.61519e-14 0 0 0
1 0.875 -6.03003e-14 0 0 0
1 1 -2.39793e-29 0 1 0

